TABLE NO.     1: First Order Conditional Estimation with Interaction: Problem=1 Subproblem=0 Superproblem1=0 Iteration1=0 Superproblem2=0 Iteration2=0
 NAME         THETA1       THETA2       THETA3       SIGMA(1,1)   SIGMA(2,1)   SIGMA(2,2)   OMEGA(1,1)   OMEGA(2,1)   OMEGA(2,2)   OMEGA(3,1)   OMEGA(3,2)   OMEGA(3,3)
 THETA1        9.06734E-02  2.78547E-01 -2.29618E-04 -5.47057E-05  0.00000E+00 -3.99487E-03  4.27627E-02  5.57513E-03 -2.95343E-04  3.27693E-04  9.92417E-05 -2.71530E-05
 THETA2        2.78547E-01  2.87571E+00  1.38751E-03  5.49856E-03  0.00000E+00 -8.81456E-02  1.23671E-01 -5.75827E-03 -5.25832E-05  3.48218E-03  8.93581E-04 -1.24515E-02
 THETA3       -2.29618E-04  1.38751E-03  1.77148E-05  3.02153E-05  0.00000E+00 -3.32406E-04  8.69987E-05  1.20638E-05  1.47370E-05 -1.59447E-05 -2.45645E-05 -6.45570E-05
 SIGMA(1,1)   -5.47057E-05  5.49856E-03  3.02153E-05  1.36669E-04  0.00000E+00 -1.16784E-03 -2.26374E-04 -5.13138E-05  1.07212E-05  6.28723E-05 -3.81164E-05 -1.85765E-04
 SIGMA(2,1)    0.00000E+00  0.00000E+00  0.00000E+00  0.00000E+00  0.00000E+00  0.00000E+00  0.00000E+00  0.00000E+00  0.00000E+00  0.00000E+00  0.00000E+00  0.00000E+00
 SIGMA(2,2)   -3.99487E-03 -8.81456E-02 -3.32406E-04 -1.16784E-03  0.00000E+00  1.27735E-02 -4.72855E-03 -4.16829E-04 -3.12557E-04 -7.09110E-04  4.30960E-04  2.18978E-03
 OMEGA(1,1)    4.27627E-02  1.23671E-01  8.69987E-05 -2.26374E-04  0.00000E+00 -4.72855E-03  4.98660E-02  6.66686E-03  5.75016E-04 -1.35667E-03 -4.42903E-04 -8.68634E-04
 OMEGA(2,1)    5.57513E-03 -5.75827E-03  1.20638E-05 -5.13138E-05  0.00000E+00 -4.16829E-04  6.66686E-03  1.29961E-03  1.37346E-04 -9.14366E-05 -1.05360E-04 -1.06309E-04
 OMEGA(2,2)   -2.95343E-04 -5.25832E-05  1.47370E-05  1.07212E-05  0.00000E+00 -3.12557E-04  5.75016E-04  1.37346E-04  7.49490E-05 -1.49996E-05 -2.89985E-05 -6.76248E-05
 OMEGA(3,1)    3.27693E-04  3.48218E-03 -1.59447E-05  6.28723E-05  0.00000E+00 -7.09110E-04 -1.35667E-03 -9.14366E-05 -1.49996E-05  4.82862E-04  7.95417E-05 -8.52888E-05
 OMEGA(3,2)    9.92417E-05  8.93581E-04 -2.45645E-05 -3.81164E-05  0.00000E+00  4.30960E-04 -4.42903E-04 -1.05360E-04 -2.89985E-05  7.95417E-05  5.86932E-05  9.54896E-05
 OMEGA(3,3)   -2.71530E-05 -1.24515E-02 -6.45570E-05 -1.85765E-04  0.00000E+00  2.18978E-03 -8.68634E-04 -1.06309E-04 -6.76248E-05 -8.52888E-05  9.54896E-05  4.01883E-04
