TABLE NO.     1: First Order Conditional Estimation with Interaction: Problem=1 Subproblem=0 Superproblem1=0 Iteration1=0 Superproblem2=0 Iteration2=0
 NAME         THETA1       THETA2       THETA3       SIGMA(1,1)   SIGMA(2,1)   SIGMA(2,2)   OMEGA(1,1)   OMEGA(2,1)   OMEGA(2,2)   OMEGA(3,1)   OMEGA(3,2)   OMEGA(3,3)
 THETA1        3.01120E-01  5.45490E-01 -1.81175E-01 -1.55402E-02  0.00000E+00 -1.17383E-01  6.35950E-01  5.13580E-01 -1.13293E-01  4.95240E-02  4.30190E-02 -4.49808E-03
 THETA2        5.45490E-01  1.69579E+00  1.94400E-01  2.77359E-01  0.00000E+00 -4.59910E-01  3.26582E-01 -9.41917E-02 -3.58172E-03  9.34476E-02  6.87809E-02 -3.66269E-01
 THETA3       -1.81175E-01  1.94400E-01  4.20890E-03  6.14078E-01  0.00000E+00 -6.98787E-01  9.25640E-02  7.95078E-02  4.04444E-01 -1.72400E-01 -7.61810E-01 -7.65112E-01
 SIGMA(1,1)   -1.55402E-02  2.77359E-01  6.14078E-01  1.16905E-02  0.00000E+00 -8.83882E-01 -8.67140E-02 -1.21756E-01  1.05932E-01  2.44745E-01 -4.25582E-01 -7.92647E-01
 SIGMA(2,1)    0.00000E+00  0.00000E+00  0.00000E+00  0.00000E+00  0.00000E+00  0.00000E+00  0.00000E+00  0.00000E+00  0.00000E+00  0.00000E+00  0.00000E+00  0.00000E+00
 SIGMA(2,2)   -1.17383E-01 -4.59910E-01 -6.98787E-01 -8.83882E-01  0.00000E+00  1.13020E-01 -1.87357E-01 -1.02305E-01 -3.19441E-01 -2.85527E-01  4.97723E-01  9.66483E-01
 OMEGA(1,1)    6.35950E-01  3.26582E-01  9.25640E-02 -8.67140E-02  0.00000E+00 -1.87357E-01  2.23307E-01  8.28155E-01  2.97437E-01 -2.76478E-01 -2.58888E-01 -1.94037E-01
 OMEGA(2,1)    5.13580E-01 -9.41917E-02  7.95078E-02 -1.21756E-01  0.00000E+00 -1.02305E-01  8.28155E-01  3.60502E-02  4.40074E-01 -1.15425E-01 -3.81482E-01 -1.47101E-01
 OMEGA(2,2)   -1.13293E-01 -3.58172E-03  4.04444E-01  1.05932E-01  0.00000E+00 -3.19441E-01  2.97437E-01  4.40074E-01  8.65731E-03 -7.88471E-02 -4.37219E-01 -3.89649E-01
 OMEGA(3,1)    4.95240E-02  9.34476E-02 -1.72400E-01  2.44745E-01  0.00000E+00 -2.85527E-01 -2.76478E-01 -1.15425E-01 -7.88471E-02  2.19741E-02  4.72487E-01 -1.93611E-01
 OMEGA(3,2)    4.30190E-02  6.87809E-02 -7.61810E-01 -4.25582E-01  0.00000E+00  4.97723E-01 -2.58888E-01 -3.81482E-01 -4.37219E-01  4.72487E-01  7.66115E-03  6.21744E-01
 OMEGA(3,3)   -4.49808E-03 -3.66269E-01 -7.65112E-01 -7.92647E-01  0.00000E+00  9.66483E-01 -1.94037E-01 -1.47101E-01 -3.89649E-01 -1.93611E-01  6.21744E-01  2.00470E-02
