TABLE NO.     1: First Order Conditional Estimation with Interaction: Problem=1 Subproblem=0 Superproblem1=0 Iteration1=0 Superproblem2=0 Iteration2=0
 NAME         THETA1       THETA2       THETA3       SIGMA(1,1)   SIGMA(2,1)   SIGMA(2,2)   OMEGA(1,1)   OMEGA(2,1)   OMEGA(2,2)   OMEGA(3,1)   OMEGA(3,2)   OMEGA(3,3)
 THETA1        4.99225E+02 -5.18222E+01  1.03771E+04  2.06605E+04  0.00000E+00  6.78602E+03  8.74141E+02 -6.48359E+03  9.57308E+03  4.08580E+03  3.55091E+03 -2.55219E+04
 THETA2       -5.18222E+01  8.00248E+00 -9.83127E+02 -1.58975E+03  0.00000E+00 -5.46137E+02 -1.22638E+02  9.17843E+02 -1.02311E+03 -5.97333E+02  4.79509E+02  1.89232E+03
 THETA3        1.03771E+04 -9.83127E+02  4.71216E+05  4.36905E+05  0.00000E+00  1.44910E+05  1.36259E+04 -9.81419E+04  1.72150E+05  5.35409E+04  2.66540E+05 -5.61204E+05
 SIGMA(1,1)    2.06605E+04 -1.58975E+03  4.36905E+05  1.25643E+06  0.00000E+00  3.84838E+05  4.34246E+04 -2.82155E+05  4.59579E+05  2.21932E+05  1.73548E+05 -1.39139E+06
 SIGMA(2,1)    0.00000E+00  0.00000E+00  0.00000E+00  0.00000E+00  0.00000E+00  0.00000E+00  0.00000E+00  0.00000E+00  0.00000E+00  0.00000E+00  0.00000E+00  0.00000E+00
 SIGMA(2,2)    6.78602E+03 -5.46137E+02  1.44910E+05  3.84838E+05  0.00000E+00  1.21058E+05  1.36582E+04 -9.09422E+04  1.45385E+05  6.91132E+04  5.96900E+04 -4.44503E+05
 OMEGA(1,1)    8.74141E+02 -1.22638E+02  1.36259E+04  4.34246E+04  0.00000E+00  1.36582E+04  3.23926E+03 -2.17210E+04  2.26255E+04  1.88927E+04 -3.06165E+04 -3.95532E+04
 OMEGA(2,1)   -6.48359E+03  9.17843E+02 -9.81419E+04 -2.82155E+05  0.00000E+00 -9.09422E+04 -2.17210E+04  1.50907E+05 -1.58915E+05 -1.24848E+05  1.99275E+05  2.69723E+05
 OMEGA(2,2)    9.57308E+03 -1.02311E+03  1.72150E+05  4.59579E+05  0.00000E+00  1.45385E+05  2.26255E+04 -1.58915E+05  2.28480E+05  1.19606E+05 -4.50573E+04 -5.01735E+05
 OMEGA(3,1)    4.08580E+03 -5.97333E+02  5.35409E+04  2.21932E+05  0.00000E+00  6.91132E+04  1.88927E+04 -1.24848E+05  1.19606E+05  1.21950E+05 -2.48739E+05 -1.70711E+05
 OMEGA(3,2)    3.55091E+03  4.79509E+02  2.66540E+05  1.73548E+05  0.00000E+00  5.96900E+04 -3.06165E+04  1.99275E+05 -4.50573E+04 -2.48739E+05  1.06899E+06 -5.14933E+05
 OMEGA(3,3)   -2.55219E+04  1.89232E+03 -5.61204E+05 -1.39139E+06  0.00000E+00 -4.44503E+05 -3.95532E+04  2.69723E+05 -5.01735E+05 -1.70711E+05 -5.14933E+05  1.73565E+06
