TABLE NO.     1: First Order Conditional Estimation with Interaction: Problem=1 Subproblem=0 Superproblem1=0 Iteration1=0 Superproblem2=0 Iteration2=0
 NAME         THETA1       THETA2       THETA3       SIGMA(1,1)   SIGMA(2,1)   SIGMA(2,2)   OMEGA(1,1)   OMEGA(2,1)   OMEGA(2,2)   OMEGA(3,1)   OMEGA(3,2)   OMEGA(3,3)
 THETA1        1.93617E+01 -2.29241E+00  2.38847E+02  1.15001E+02  0.00000E+00  6.88978E-01  2.15665E-01 -1.58982E+01  3.32382E+01  7.87723E+00 -1.32360E+01 -6.29696E+00
 THETA2       -2.29241E+00  6.88746E-01 -3.69229E+01 -2.87829E+01  0.00000E+00 -4.97428E-01 -5.59007E-01  6.59549E+00 -1.20203E+01 -3.05138E+00  5.00239E+00  2.21606E+00
 THETA3        2.38847E+02 -3.69229E+01  4.37339E+04  3.22357E+03  0.00000E+00  8.02095E+01  1.65694E+02 -1.57981E+03  2.53211E+03  6.65370E+02 -5.95174E+02 -1.00421E+03
 SIGMA(1,1)    1.15001E+02 -2.87829E+01  3.22357E+03  9.22835E+04  0.00000E+00  6.71757E+03  1.98395E+02 -2.01855E+03  6.63314E+03  1.22241E+03 -8.00801E+03  3.35288E+03
 SIGMA(2,1)    0.00000E+00  0.00000E+00  0.00000E+00  0.00000E+00  0.00000E+00  0.00000E+00  0.00000E+00  0.00000E+00  0.00000E+00  0.00000E+00  0.00000E+00  0.00000E+00
 SIGMA(2,2)    6.88978E-01 -4.97428E-01  8.02095E+01  6.71757E+03  0.00000E+00  9.39189E+02  2.85332E+01 -2.55963E+02  7.60800E+02  1.64027E+02 -1.01355E+03  3.38919E+02
 OMEGA(1,1)    2.15665E-01 -5.59007E-01  1.65694E+02  1.98395E+02  0.00000E+00  2.85332E+01  7.01601E+01 -3.65842E+02  3.94719E+02  1.07555E+02 -2.36581E+02  6.56184E+01
 OMEGA(2,1)   -1.58982E+01  6.59549E+00 -1.57981E+03 -2.01855E+03  0.00000E+00 -2.55963E+02 -3.65842E+02  3.26369E+03 -5.19032E+03 -5.72939E+02  2.06262E+03 -4.74534E+02
 OMEGA(2,2)    3.32382E+01 -1.20203E+01  2.53211E+03  6.63314E+03  0.00000E+00  7.60800E+02  3.94719E+02 -5.19032E+03  1.73672E+04  3.67353E+02 -3.55777E+03  7.04976E+02
 OMEGA(3,1)    7.87723E+00 -3.05138E+00  6.65370E+02  1.22241E+03  0.00000E+00  1.64027E+02  1.07555E+02 -5.72939E+02  3.67353E+02  1.32424E+03 -3.33749E+03  1.18843E+03
 OMEGA(3,2)   -1.32360E+01  5.00239E+00 -5.95174E+02 -8.00801E+03  0.00000E+00 -1.01355E+03 -2.36581E+02  2.06262E+03 -3.55777E+03 -3.33749E+03  2.08025E+04 -4.40944E+03
 OMEGA(3,3)   -6.29696E+00  2.21606E+00 -1.00421E+03  3.35288E+03  0.00000E+00  3.38919E+02  6.56184E+01 -4.74534E+02  7.04976E+02  1.18843E+03 -4.40944E+03  5.86921E+03
