TABLE NO.     1: Laplacian Conditional Estimation with Interaction: Problem=1 Subproblem=0 Superproblem1=0 Iteration1=0 Superproblem2=0 Iteration2=0
 NAME         THETA1       THETA2       THETA3       SIGMA(1,1)   SIGMA(2,1)   SIGMA(2,2)   OMEGA(1,1)   OMEGA(2,1)   OMEGA(2,2)   OMEGA(3,1)   OMEGA(3,2)   OMEGA(3,3)
 THETA1        2.96733E-01  5.57920E-01 -1.08502E-01 -3.12748E-02  0.00000E+00 -1.19061E-01  6.10129E-01  4.80788E-01 -8.57406E-02  5.89809E-02  7.07781E-03 -2.00193E-02
 THETA2        5.57920E-01  1.64069E+00  1.68830E-01  1.52127E-01  0.00000E+00 -3.76905E-01  2.77347E-01 -1.63268E-01 -6.70539E-02  9.15756E-02  1.82988E-01 -2.95555E-01
 THETA3       -1.08502E-01  1.68830E-01  3.99738E-03  5.44659E-01  0.00000E+00 -6.93198E-01  1.30174E-01  8.08891E-02  3.14211E-01 -2.01123E-01 -6.94104E-01 -7.56159E-01
 SIGMA(1,1)   -3.12748E-02  1.52127E-01  5.44659E-01  9.90161E-03  0.00000E+00 -8.32625E-01 -2.03616E-01 -2.39445E-01 -7.89524E-02  2.21708E-01 -2.79819E-01 -7.19219E-01
 SIGMA(2,1)    0.00000E+00  0.00000E+00  0.00000E+00  0.00000E+00  0.00000E+00  0.00000E+00  0.00000E+00  0.00000E+00  0.00000E+00  0.00000E+00  0.00000E+00  0.00000E+00
 SIGMA(2,2)   -1.19061E-01 -3.76905E-01 -6.93198E-01 -8.32625E-01  0.00000E+00  7.65250E-02 -1.16949E-01 -1.23899E-02 -1.85103E-01 -2.93511E-01  3.68069E-01  9.64524E-01
 OMEGA(1,1)    6.10129E-01  2.77347E-01  1.30174E-01 -2.03616E-01  0.00000E+00 -1.16949E-01  2.21800E-01  8.22069E-01  3.11784E-01 -2.79461E-01 -2.73472E-01 -1.51392E-01
 OMEGA(2,1)    4.80788E-01 -1.63268E-01  8.08891E-02 -2.39445E-01  0.00000E+00 -1.23899E-02  8.22069E-01  3.62609E-02  4.56658E-01 -1.18247E-01 -4.03243E-01 -8.30151E-02
 OMEGA(2,2)   -8.57406E-02 -6.70539E-02  3.14211E-01 -7.89524E-02  0.00000E+00 -1.85103E-01  3.11784E-01  4.56658E-01  8.23024E-03 -8.34143E-02 -3.41375E-01 -2.89592E-01
 OMEGA(3,1)    5.89809E-02  9.15756E-02 -2.01123E-01  2.21708E-01  0.00000E+00 -2.93511E-01 -2.79461E-01 -1.18247E-01 -8.34143E-02  2.18374E-02  5.45882E-01 -1.88451E-01
 OMEGA(3,2)    7.07781E-03  1.82988E-01 -6.94104E-01 -2.79819E-01  0.00000E+00  3.68069E-01 -2.73472E-01 -4.03243E-01 -3.41375E-01  5.45882E-01  6.82295E-03  5.15942E-01
 OMEGA(3,3)   -2.00193E-02 -2.95555E-01 -7.56159E-01 -7.19219E-01  0.00000E+00  9.64524E-01 -1.51392E-01 -8.30151E-02 -2.89592E-01 -1.88451E-01  5.15942E-01  1.96313E-02
