TABLE NO.     1: Laplacian Conditional Estimation with Interaction: Problem=1 Subproblem=0 Superproblem1=0 Iteration1=0 Superproblem2=0 Iteration2=0
 NAME         THETA1       THETA2       THETA3       SIGMA(1,1)   SIGMA(2,1)   SIGMA(2,2)   OMEGA(1,1)   OMEGA(2,1)   OMEGA(2,2)   OMEGA(3,1)   OMEGA(3,2)   OMEGA(3,3)
 THETA1        1.89267E+01 -2.32870E+00  2.38210E+02  3.47278E+02  0.00000E+00 -3.97975E+01 -5.01184E+00  1.46862E+02 -3.17325E+02  2.03780E+01 -5.70186E+01 -5.02475E+01
 THETA2       -2.32870E+00  7.17846E-01 -4.10552E+01 -1.76160E+02  0.00000E+00 -9.10809E+00  3.20922E+00 -2.55329E+01  2.70767E+01 -5.39482E+00  4.18184E+01 -4.25702E+00
 THETA3        2.38210E+02 -4.10552E+01  4.48023E+04  3.97084E+04  0.00000E+00 -7.05055E+03  2.79310E+02 -2.56297E+03  9.93802E+03 -6.69725E+02 -6.40452E+03 -1.64562E+04
 SIGMA(1,1)    3.47278E+02 -1.76160E+02  3.97084E+04  2.75527E+05  0.00000E+00  1.05165E+04 -8.12461E+02 -5.85297E+03  2.17699E+04  1.64450E+03 -2.60268E+04 -9.81288E+02
 SIGMA(2,1)    0.00000E+00  0.00000E+00  0.00000E+00  0.00000E+00  0.00000E+00  0.00000E+00  0.00000E+00  0.00000E+00  0.00000E+00  0.00000E+00  0.00000E+00  0.00000E+00
 SIGMA(2,2)   -3.97975E+01 -9.10809E+00 -7.05055E+03  1.05165E+04  0.00000E+00  3.33559E+03 -1.54289E+02  1.37835E+02  6.89586E+01  3.44215E+02 -2.24870E+03  5.27275E+03
 OMEGA(1,1)   -5.01184E+00  3.20922E+00  2.79310E+02 -8.12461E+02  0.00000E+00 -1.54289E+02  4.44372E+01 -2.10627E+02  2.86207E+02 -5.24639E+01  2.46542E+02 -2.34274E+02
 OMEGA(2,1)    1.46862E+02 -2.55329E+01 -2.56297E+03 -5.85297E+03  0.00000E+00  1.37835E+02 -2.10627E+02  2.86431E+03 -6.62124E+03  3.68792E+02  9.72516E+01  1.06891E+03
 OMEGA(2,2)   -3.17325E+02  2.70767E+01  9.93802E+03  2.17699E+04  0.00000E+00  6.89586E+01  2.86207E+02 -6.62124E+03  2.06147E+04 -6.15922E+02 -4.67297E+03 -2.61819E+03
 OMEGA(3,1)    2.03780E+01 -5.39482E+00 -6.69725E+02  1.64450E+03  0.00000E+00  3.44215E+02 -5.24639E+01  3.68792E+02 -6.15922E+02  1.48790E+02 -3.19132E+02  6.60179E+02
 OMEGA(3,2)   -5.70186E+01  4.18184E+01 -6.40452E+03 -2.60268E+04  0.00000E+00 -2.24870E+03  2.46542E+02  9.72516E+01 -4.67297E+03 -3.19132E+02  8.26585E+03 -1.57781E+03
 OMEGA(3,3)   -5.02475E+01 -4.25702E+00 -1.64562E+04 -9.81288E+02  0.00000E+00  5.27275E+03 -2.34274E+02  1.06891E+03 -2.61819E+03  6.60179E+02 -1.57781E+03  1.00445E+04
