TABLE NO.     1: Laplacian Conditional Estimation with Interaction: Problem=1 Subproblem=0 Superproblem1=0 Iteration1=0 Superproblem2=0 Iteration2=0
 NAME         THETA1       THETA2       THETA3       SIGMA(1,1)   SIGMA(2,1)   SIGMA(2,2)   OMEGA(1,1)   OMEGA(2,1)   OMEGA(2,2)   OMEGA(3,1)   OMEGA(3,2)   OMEGA(3,3)
 THETA1        1.89280E+01 -2.31688E+00  2.22891E+02  8.22241E+01  0.00000E+00 -2.17775E+00 -2.14248E-01 -9.91867E+00  1.05162E+01  6.82605E+00  6.77352E+00 -1.10473E+01
 THETA2       -2.31688E+00  7.15416E-01 -4.04731E+01 -2.46662E+01  0.00000E+00 -3.23885E-01 -5.31348E-01  6.61747E+00 -1.03789E+01 -3.12208E+00  2.55381E+00  2.76989E+00
 THETA3        2.22891E+02 -4.04731E+01  4.43948E+04  3.37520E+03  0.00000E+00 -1.21705E+02  1.69365E+02 -1.76903E+03  2.83197E+03  8.73001E+02 -1.40998E+03 -6.64302E+02
 SIGMA(1,1)    8.22241E+01 -2.46662E+01  3.37520E+03  8.95626E+04  0.00000E+00  6.91867E+03  2.01212E+02 -2.18313E+03  7.49161E+03  1.26586E+03 -8.87271E+03  3.70022E+03
 SIGMA(2,1)    0.00000E+00  0.00000E+00  0.00000E+00  0.00000E+00  0.00000E+00  0.00000E+00  0.00000E+00  0.00000E+00  0.00000E+00  0.00000E+00  0.00000E+00  0.00000E+00
 SIGMA(2,2)   -2.17775E+00 -3.23885E-01 -1.21705E+02  6.91867E+03  0.00000E+00  1.28524E+03  2.89278E+01 -2.80818E+02  7.87266E+02  1.58721E+02 -9.69379E+02  3.75829E+02
 OMEGA(1,1)   -2.14248E-01 -5.31348E-01  1.69365E+02  2.01212E+02  0.00000E+00  2.89278E+01  6.84073E+01 -3.66453E+02  4.05429E+02  1.06122E+02 -2.46496E+02  7.01031E+01
 OMEGA(2,1)   -9.91867E+00  6.61747E+00 -1.76903E+03 -2.18313E+03  0.00000E+00 -2.80818E+02 -3.66453E+02  3.34629E+03 -5.47802E+03 -6.31610E+02  2.43654E+03 -6.00033E+02
 OMEGA(2,2)    1.05162E+01 -1.03789E+01  2.83197E+03  7.49161E+03  0.00000E+00  7.87266E+02  4.05429E+02 -5.47802E+03  1.86862E+04  5.40462E+02 -5.12359E+03  1.21220E+03
 OMEGA(3,1)    6.82605E+00 -3.12208E+00  8.73001E+02  1.26586E+03  0.00000E+00  1.58721E+02  1.06122E+02 -6.31610E+02  5.40462E+02  1.36848E+03 -3.69687E+03  1.29327E+03
 OMEGA(3,2)    6.77352E+00  2.55381E+00 -1.40998E+03 -8.87271E+03  0.00000E+00 -9.69379E+02 -2.46496E+02  2.43654E+03 -5.12359E+03 -3.69687E+03  2.38552E+04 -5.46509E+03
 OMEGA(3,3)   -1.10473E+01  2.76989E+00 -6.64302E+02  3.70022E+03  0.00000E+00  3.75829E+02  7.01031E+01 -6.00033E+02  1.21220E+03  1.29327E+03 -5.46509E+03  6.30357E+03
