TABLE NO.     1: Laplacian Conditional Estimation with Interaction: Problem=1 Subproblem=0 Superproblem1=0 Iteration1=0 Superproblem2=0 Iteration2=0
 NAME         THETA1       THETA2       THETA3       SIGMA(1,1)   SIGMA(2,1)   SIGMA(2,2)   OMEGA(1,1)   OMEGA(2,1)   OMEGA(2,2)   OMEGA(3,1)   OMEGA(3,2)   OMEGA(3,3)
 THETA1        8.80507E-02  2.71622E-01 -1.28700E-04 -9.18897E-05  0.00000E+00 -2.70357E-03  4.01558E-02  5.17319E-03 -2.09395E-04  3.82189E-04  1.43297E-05 -1.16617E-04
 THETA2        2.71622E-01  2.69187E+00  1.10726E-03  2.47138E-03  0.00000E+00 -4.73220E-02  1.00928E-01 -9.71329E-03 -9.05447E-04  3.28101E-03  2.04844E-03 -9.51948E-03
 THETA3       -1.28700E-04  1.10726E-03  1.59790E-05  2.15579E-05  0.00000E+00 -2.12049E-04  1.15414E-04  1.17248E-05  1.03374E-05 -1.75565E-05 -1.89309E-05 -5.93385E-05
 SIGMA(1,1)   -9.18897E-05  2.47138E-03  2.15579E-05  9.80418E-05  0.00000E+00 -6.30897E-04 -4.47177E-04 -8.59709E-05 -6.43404E-06  4.79389E-05 -1.89041E-05 -1.39803E-04
 SIGMA(2,1)    0.00000E+00  0.00000E+00  0.00000E+00  0.00000E+00  0.00000E+00  0.00000E+00  0.00000E+00  0.00000E+00  0.00000E+00  0.00000E+00  0.00000E+00  0.00000E+00
 SIGMA(2,2)   -2.70357E-03 -4.73220E-02 -2.12049E-04 -6.30897E-04  0.00000E+00  5.85608E-03 -1.98500E-03 -3.43803E-05 -1.16582E-04 -4.90489E-04  1.92178E-04  1.44899E-03
 OMEGA(1,1)    4.01558E-02  1.00928E-01  1.15414E-04 -4.47177E-04  0.00000E+00 -1.98500E-03  4.91950E-02  6.61162E-03  5.69150E-04 -1.35358E-03 -4.13853E-04 -6.59191E-04
 OMEGA(2,1)    5.17319E-03 -9.71329E-03  1.17248E-05 -8.59709E-05  0.00000E+00 -3.43803E-05  6.61162E-03  1.31486E-03  1.36283E-04 -9.36328E-05 -9.97649E-05 -5.90942E-05
 OMEGA(2,2)   -2.09395E-04 -9.05447E-04  1.03374E-05 -6.43404E-06  0.00000E+00 -1.16582E-04  5.69150E-04  1.36283E-04  6.77369E-05 -1.49918E-05 -1.91698E-05 -4.67895E-05
 OMEGA(3,1)    3.82189E-04  3.28101E-03 -1.75565E-05  4.79389E-05  0.00000E+00 -4.90489E-04 -1.35358E-03 -9.36328E-05 -1.49918E-05  4.76872E-04  8.13340E-05 -8.07884E-05
 OMEGA(3,2)    1.43297E-05  2.04844E-03 -1.89309E-05 -1.89041E-05  0.00000E+00  1.92178E-04 -4.13853E-04 -9.97649E-05 -1.91698E-05  8.13340E-05  4.65527E-05  6.91069E-05
 OMEGA(3,3)   -1.16617E-04 -9.51948E-03 -5.93385E-05 -1.39803E-04  0.00000E+00  1.44899E-03 -6.59191E-04 -5.90942E-05 -4.67895E-05 -8.07884E-05  6.91069E-05  3.85387E-04
