TABLE NO.     1: Laplacian Conditional Estimation with Interaction: Problem=1 Subproblem=0 Superproblem1=0 Iteration1=0 Superproblem2=0 Iteration2=0
 NAME         THETA1       THETA2       THETA3       SIGMA(1,1)   SIGMA(2,1)   SIGMA(2,2)   OMEGA(1,1)   OMEGA(2,1)   OMEGA(2,2)   OMEGA(3,1)   OMEGA(3,2)   OMEGA(3,3)
 THETA1        1.09728E+03 -1.04166E+02  4.08826E+04  5.41965E+04  0.00000E+00  2.55498E+04  1.02997E+03 -7.34388E+03  1.07595E+04  2.93109E+03  4.59772E+04 -7.80369E+04
 THETA2       -1.04166E+02  1.28087E+01 -3.64696E+03 -4.50827E+03  0.00000E+00 -2.16370E+03 -1.41041E+02  1.03871E+03 -1.18818E+03 -5.39975E+02 -3.02676E+03  6.42638E+03
 THETA3        4.08826E+04 -3.64696E+03  1.80783E+06  2.13180E+06  0.00000E+00  1.00095E+06  3.47884E+04 -2.34213E+05  3.69653E+05  8.77596E+04  1.95524E+06 -3.05315E+06
 SIGMA(1,1)    5.41965E+04 -4.50827E+03  2.13180E+06  3.13554E+06  0.00000E+00  1.42752E+06  5.35501E+04 -3.40897E+05  5.42896E+05  1.66210E+05  2.49697E+06 -4.30418E+06
 SIGMA(2,1)    0.00000E+00  0.00000E+00  0.00000E+00  0.00000E+00  0.00000E+00  0.00000E+00  0.00000E+00  0.00000E+00  0.00000E+00  0.00000E+00  0.00000E+00  0.00000E+00
 SIGMA(2,2)    2.55498E+04 -2.16370E+03  1.00095E+06  1.42752E+06  0.00000E+00  6.59458E+05  2.40980E+04 -1.57028E+05  2.47757E+05  7.04094E+04  1.18215E+06 -2.00320E+06
 OMEGA(1,1)    1.02997E+03 -1.41041E+02  3.47884E+04  5.35501E+04  0.00000E+00  2.40980E+04  2.60560E+03 -1.77238E+04  1.69170E+04  1.41607E+04  2.84914E+03 -6.27439E+04
 OMEGA(2,1)   -7.34388E+03  1.03871E+03 -2.34213E+05 -3.40897E+05  0.00000E+00 -1.57028E+05 -1.77238E+04  1.25583E+05 -1.19736E+05 -9.58684E+04 -7.37178E+03  4.09737E+05
 OMEGA(2,2)    1.07595E+04 -1.18818E+03  3.69653E+05  5.42896E+05  0.00000E+00  2.47757E+05  1.69170E+04 -1.19736E+05  1.57944E+05  7.76460E+04  2.67824E+05 -7.05756E+05
 OMEGA(3,1)    2.93109E+03 -5.39975E+02  8.77596E+04  1.66210E+05  0.00000E+00  7.04094E+04  1.41607E+04 -9.58684E+04  7.76460E+04  9.50858E+04 -1.82822E+05 -1.31707E+05
 OMEGA(3,2)    4.59772E+04 -3.02676E+03  1.95524E+06  2.49697E+06  0.00000E+00  1.18215E+06  2.84914E+03 -7.37178E+03  2.67824E+05 -1.82822E+05  3.28235E+06 -3.88932E+06
 OMEGA(3,3)   -7.80369E+04  6.42638E+03 -3.05315E+06 -4.30418E+06  0.00000E+00 -2.00320E+06 -6.27439E+04  4.09737E+05 -7.05756E+05 -1.31707E+05 -3.88932E+06  6.17757E+06
