TABLE NO.     1: Laplacian Conditional Estimation: Problem=1 Subproblem=0 Superproblem1=0 Iteration1=0 Superproblem2=0 Iteration2=0
 NAME         THETA1       THETA2       THETA3       SIGMA(1,1)   SIGMA(2,1)   SIGMA(2,2)   OMEGA(1,1)   OMEGA(2,1)   OMEGA(2,2)   OMEGA(3,1)   OMEGA(3,2)   OMEGA(3,3)
 THETA1        4.97901E+00 -5.48907E-01 -8.14555E-01 -7.69446E-01  0.00000E+00 -8.44762E-01  9.47133E-01  4.21216E-01 -5.95768E-01 -2.82653E-01 -8.07826E-01 -8.32701E-01
 THETA2       -5.48907E-01  1.56954E+01  6.43642E-01  8.35261E-01  0.00000E+00  2.89632E-01 -5.80119E-01  3.89588E-01  9.80512E-01  5.19288E-01  8.69518E-01  6.45055E-01
 THETA3       -8.14555E-01  6.43642E-01  3.67594E-01  9.30369E-01  0.00000E+00  8.14597E-01 -9.08713E-01 -3.38936E-01  6.27118E-01  7.32099E-01  9.28047E-01  9.97913E-01
 SIGMA(1,1)   -7.69446E-01  8.35261E-01  9.30369E-01  1.23276E-01  0.00000E+00  6.68861E-01 -8.41120E-01 -3.98697E-02  8.37215E-01  7.15055E-01  9.83059E-01  9.29727E-01
 SIGMA(2,1)    0.00000E+00  0.00000E+00  0.00000E+00  0.00000E+00  0.00000E+00  0.00000E+00  0.00000E+00  0.00000E+00  0.00000E+00  0.00000E+00  0.00000E+00  0.00000E+00
 SIGMA(2,2)   -8.44762E-01  2.89632E-01  8.14597E-01  6.68861E-01  0.00000E+00  1.43978E-02 -8.57754E-01 -5.84675E-01  3.37238E-01  4.27857E-01  6.90592E-01  8.38976E-01
 OMEGA(1,1)    9.47133E-01 -5.80119E-01 -9.08713E-01 -8.41120E-01  0.00000E+00 -8.57754E-01  1.98768E+00  4.96904E-01 -5.81222E-01 -3.87211E-01 -8.60247E-01 -9.24154E-01
 OMEGA(2,1)    4.21216E-01  3.89588E-01 -3.38936E-01 -3.98697E-02  0.00000E+00 -5.84675E-01  4.96904E-01  3.42477E-01  4.15774E-01  1.23785E-01 -2.93084E-02 -3.50475E-01
 OMEGA(2,2)   -5.95768E-01  9.80512E-01  6.27118E-01  8.37215E-01  0.00000E+00  3.37238E-01 -5.81222E-01  4.15774E-01  2.87891E-01  5.02190E-01  8.70091E-01  6.32830E-01
 OMEGA(3,1)   -2.82653E-01  5.19288E-01  7.32099E-01  7.15055E-01  0.00000E+00  4.27857E-01 -3.87211E-01  1.23785E-01  5.02190E-01  6.00686E-01  6.83076E-01  7.06239E-01
 OMEGA(3,2)   -8.07826E-01  8.69518E-01  9.28047E-01  9.83059E-01  0.00000E+00  6.90592E-01 -8.60247E-01 -2.93084E-02  8.70091E-01  6.83076E-01  8.32795E-01  9.32091E-01
 OMEGA(3,3)   -8.32701E-01  6.45055E-01  9.97913E-01  9.29727E-01  0.00000E+00  8.38976E-01 -9.24154E-01 -3.50475E-01  6.32830E-01  7.06239E-01  9.32091E-01  2.84616E+00
