TABLE NO.     1: Laplacian Conditional Estimation: Problem=1 Subproblem=0 Superproblem1=0 Iteration1=0 Superproblem2=0 Iteration2=0
 NAME         THETA1       THETA2       THETA3       SIGMA(1,1)   SIGMA(2,1)   SIGMA(2,2)   OMEGA(1,1)   OMEGA(2,1)   OMEGA(2,2)   OMEGA(3,1)   OMEGA(3,2)   OMEGA(3,3)
 THETA1        2.47905E+01 -4.28959E+01 -1.49085E+00 -4.72282E-01  0.00000E+00 -6.05584E-02  9.37346E+00  7.18255E-01 -8.53981E-01 -8.45364E-01 -3.34965E+00 -1.18002E+01
 THETA2       -4.28959E+01  2.46347E+02  3.71353E+00  1.61613E+00  0.00000E+00  6.54513E-02 -1.80983E+01  2.09416E+00  4.43052E+00  4.89587E+00  1.13656E+01  2.88157E+01
 THETA3       -1.49085E+00  3.71353E+00  1.35126E-01  4.21603E-02  0.00000E+00  4.31131E-03 -6.63960E-01 -4.26695E-02  6.63661E-02  1.61654E-01  2.84104E-01  1.04405E+00
 SIGMA(1,1)   -4.72282E-01  1.61613E+00  4.21603E-02  1.51971E-02  0.00000E+00  1.18717E-03 -2.06103E-01 -1.68327E-03  2.97129E-02  5.29501E-02  1.00925E-01  3.26208E-01
 SIGMA(2,1)    0.00000E+00  0.00000E+00  0.00000E+00  0.00000E+00  0.00000E+00  0.00000E+00  0.00000E+00  0.00000E+00  0.00000E+00  0.00000E+00  0.00000E+00  0.00000E+00
 SIGMA(2,2)   -6.05584E-02  6.54513E-02  4.31131E-03  1.18717E-03  0.00000E+00  2.07298E-04 -2.45474E-02 -2.88299E-03  1.39785E-03  3.70035E-03  8.28051E-03  3.43800E-02
 OMEGA(1,1)    9.37346E+00 -1.80983E+01 -6.63960E-01 -2.06103E-01  0.00000E+00 -2.45474E-02  3.95086E+00  3.38259E-01 -3.32596E-01 -4.62319E-01 -1.42399E+00 -5.22816E+00
 OMEGA(2,1)    7.18255E-01  2.09416E+00 -4.26695E-02 -1.68327E-03  0.00000E+00 -2.88299E-03  3.38259E-01  1.17290E-01  4.09937E-02  2.54651E-02 -8.35912E-03 -3.41623E-01
 OMEGA(2,2)   -8.53981E-01  4.43052E+00  6.63661E-02  2.97129E-02  0.00000E+00  1.39785E-03 -3.32596E-01  4.09937E-02  8.28813E-02  8.68448E-02  2.08608E-01  5.18531E-01
 OMEGA(3,1)   -8.45364E-01  4.89587E+00  1.61654E-01  5.29501E-02  0.00000E+00  3.70035E-03 -4.62319E-01  2.54651E-02  8.68448E-02  3.60823E-01  3.41708E-01  1.20742E+00
 OMEGA(3,2)   -3.34965E+00  1.13656E+01  2.84104E-01  1.00925E-01  0.00000E+00  8.28051E-03 -1.42399E+00 -8.35912E-03  2.08608E-01  3.41708E-01  6.93548E-01  2.20930E+00
 OMEGA(3,3)   -1.18002E+01  2.88157E+01  1.04405E+00  3.26208E-01  0.00000E+00  3.43800E-02 -5.22816E+00 -3.41623E-01  5.18531E-01  1.20742E+00  2.20930E+00  8.10062E+00
