TABLE NO.     1: Laplacian Conditional Estimation: Problem=1 Subproblem=0 Superproblem1=0 Iteration1=0 Superproblem2=0 Iteration2=0
 NAME         THETA1       THETA2       THETA3       SIGMA(1,1)   SIGMA(2,1)   SIGMA(2,2)   OMEGA(1,1)   OMEGA(2,1)   OMEGA(2,2)   OMEGA(3,1)   OMEGA(3,2)   OMEGA(3,3)
 THETA1        9.56125E+01 -5.59649E+01  8.34506E+03 -2.75715E+03  0.00000E+00  1.05312E+04  5.30830E+02 -6.39386E+02  2.23884E+03 -1.33939E+03  1.95703E+03 -8.32644E+02
 THETA2       -5.59649E+01  3.34632E+01 -4.91382E+03  1.63608E+03  0.00000E+00 -5.96156E+03 -3.18109E+02  3.59801E+02 -1.29162E+03  8.03873E+02 -1.17637E+03  4.85732E+02
 THETA3        8.34506E+03 -4.91382E+03  7.53844E+05 -2.43617E+05  0.00000E+00  9.41500E+05  4.63337E+04 -3.53933E+04  1.68380E+05 -1.24880E+05  1.74791E+05 -7.31333E+04
 SIGMA(1,1)   -2.75715E+03  1.63608E+03 -2.43617E+05  8.31551E+04  0.00000E+00 -2.95114E+05 -1.52432E+04  1.45710E+04 -5.99976E+04  3.99916E+04 -5.76413E+04  2.38431E+04
 SIGMA(2,1)    0.00000E+00  0.00000E+00  0.00000E+00  0.00000E+00  0.00000E+00  0.00000E+00  0.00000E+00  0.00000E+00  0.00000E+00  0.00000E+00  0.00000E+00  0.00000E+00
 SIGMA(2,2)    1.05312E+04 -5.96156E+03  9.41500E+05 -2.95114E+05  0.00000E+00  1.30945E+06  5.79111E+04 -6.70805E+04  2.34931E+05 -1.47695E+05  2.14108E+05 -9.53423E+04
 OMEGA(1,1)    5.30830E+02 -3.18109E+02  4.63337E+04 -1.52432E+04  0.00000E+00  5.79111E+04  3.22089E+03 -4.94536E+03  1.39932E+04 -7.41859E+03  1.12734E+04 -4.69320E+03
 OMEGA(2,1)   -6.39386E+02  3.59801E+02 -3.53933E+04  1.45710E+04  0.00000E+00 -6.70805E+04 -4.94536E+03  3.39314E+04 -5.12247E+04  1.68682E+02 -1.14833E+04  6.67322E+03
 OMEGA(2,2)    2.23884E+03 -1.29162E+03  1.68380E+05 -5.99976E+04  0.00000E+00  2.34931E+05  1.39932E+04 -5.12247E+04  1.09858E+05 -2.03781E+04  3.40215E+04 -1.88293E+04
 OMEGA(3,1)   -1.33939E+03  8.03873E+02 -1.24880E+05  3.99916E+04  0.00000E+00 -1.47695E+05 -7.41859E+03  1.68682E+02 -2.03781E+04  2.21300E+04 -2.87986E+04  1.13803E+04
 OMEGA(3,2)    1.95703E+03 -1.17637E+03  1.74791E+05 -5.76413E+04  0.00000E+00  2.14108E+05  1.12734E+04 -1.14833E+04  3.40215E+04 -2.87986E+04  4.88270E+04 -1.84904E+04
 OMEGA(3,3)   -8.32644E+02  4.85732E+02 -7.31333E+04  2.38431E+04  0.00000E+00 -9.53423E+04 -4.69320E+03  6.67322E+03 -1.88293E+04  1.13803E+04 -1.84904E+04  7.73402E+03
