TABLE NO.     1: Laplacian Conditional Estimation: Problem=1 Subproblem=0 Superproblem1=0 Iteration1=0 Superproblem2=0 Iteration2=0
 NAME         THETA1       THETA2       THETA3       SIGMA(1,1)   SIGMA(2,1)   SIGMA(2,2)   OMEGA(1,1)   OMEGA(2,1)   OMEGA(2,2)   OMEGA(3,1)   OMEGA(3,2)   OMEGA(3,3)
 THETA1        5.74804E-01 -2.04763E-01 -5.54237E-01  1.00738E+00  0.00000E+00  4.91080E-01 -9.62711E-01  8.02865E-01  4.59498E+00 -1.44733E+00  3.12951E+00  1.03220E-01
 THETA2       -2.04763E-01  1.89224E-01 -3.65305E+00 -5.95780E+00  0.00000E+00 -1.05996E+00  1.20040E-01  7.12735E-01 -5.02145E+00  5.87050E-01 -3.10932E+00  9.49053E-01
 THETA3       -5.54237E-01 -3.65305E+00  4.07919E+02 -3.83899E+02  0.00000E+00 -3.46818E+02 -6.98022E+00  1.34166E+01  3.76809E+01  1.19076E+01  1.32413E+02 -6.84210E+01
 SIGMA(1,1)    1.00738E+00 -5.95780E+00 -3.83899E+02  1.93467E+03  0.00000E+00  4.33400E+02  8.28857E+01 -3.40835E+02  4.34199E+02 -2.83799E+01 -1.37713E+00  1.29768E+01
 SIGMA(2,1)    0.00000E+00  0.00000E+00  0.00000E+00  0.00000E+00  0.00000E+00  0.00000E+00  0.00000E+00  0.00000E+00  0.00000E+00  0.00000E+00  0.00000E+00  0.00000E+00
 SIGMA(2,2)    4.91080E-01 -1.05996E+00 -3.46818E+02  4.33400E+02  0.00000E+00  1.14453E+04 -7.35678E+00 -1.56888E+02  7.72505E+02  6.96687E+01 -4.40687E+02  5.30586E+01
 OMEGA(1,1)   -9.62711E-01  1.20040E-01 -6.98022E+00  8.28857E+01  0.00000E+00 -7.35678E+00  9.12775E+01 -4.65940E+02  5.95520E+02  6.73620E+00 -1.85514E+01  4.83849E-01
 OMEGA(2,1)    8.02865E-01  7.12735E-01  1.34166E+01 -3.40835E+02  0.00000E+00 -1.56888E+02 -4.65940E+02  4.03743E+03 -7.11668E+03 -6.30904E+02  1.51719E+03  1.34308E+01
 OMEGA(2,2)    4.59498E+00 -5.02145E+00  3.76809E+01  4.34199E+02  0.00000E+00  7.72505E+02  5.95520E+02 -7.11668E+03  2.07694E+04  1.50494E+03 -8.65691E+03  8.93217E+02
 OMEGA(3,1)   -1.44733E+00  5.87050E-01  1.19076E+01 -2.83799E+01  0.00000E+00  6.96687E+01  6.73620E+00 -6.30904E+02  1.50494E+03  2.30528E+02 -5.47315E+02 -6.65434E+00
 OMEGA(3,2)    3.12951E+00 -3.10932E+00  1.32413E+02 -1.37713E+00  0.00000E+00 -4.40687E+02 -1.85514E+01  1.51719E+03 -8.65691E+03 -5.47315E+02  5.14428E+03 -7.15027E+02
 OMEGA(3,3)    1.03220E-01  9.49053E-01 -6.84210E+01  1.29768E+01  0.00000E+00  5.30586E+01  4.83849E-01  1.34308E+01  8.93217E+02 -6.65434E+00 -7.15027E+02  1.44004E+02
