TABLE NO.     1: Laplacian Conditional Estimation: Problem=1 Subproblem=0 Superproblem1=0 Iteration1=0 Superproblem2=0 Iteration2=0
 NAME         THETA1       THETA2       THETA3       SIGMA(1,1)   SIGMA(2,1)   SIGMA(2,2)   OMEGA(1,1)   OMEGA(2,1)   OMEGA(2,2)   OMEGA(3,1)   OMEGA(3,2)   OMEGA(3,3)
 THETA1        5.90573E-01 -2.43220E-01 -2.79090E+00  1.10311E+01  0.00000E+00  2.45840E+01 -2.74470E+00  2.80357E+01 -5.12465E+01 -8.28346E+00  1.91308E+01  3.79786E-01
 THETA2       -2.43220E-01  2.34624E-01 -1.55416E+00 -1.35612E+01  0.00000E+00 -2.11457E+01  2.59793E+00 -1.73941E+01  1.70757E+01  2.80606E+00 -3.18840E+00 -2.49761E-02
 THETA3       -2.79090E+00 -1.55416E+00  1.81202E+02 -1.76684E+02  0.00000E+00  1.20142E+02 -4.86181E+01  1.19422E+02  2.92653E+02  6.24333E+01 -2.58923E+02 -2.08174E+00
 SIGMA(1,1)    1.10311E+01 -1.35612E+01 -1.76684E+02  2.10613E+03  0.00000E+00  1.31522E+03 -7.36263E+01  9.48122E+01  1.61927E+02  4.99685E+01  4.77241E+01 -5.47797E+01
 SIGMA(2,1)    0.00000E+00  0.00000E+00  0.00000E+00  0.00000E+00  0.00000E+00  0.00000E+00  0.00000E+00  0.00000E+00  0.00000E+00  0.00000E+00  0.00000E+00  0.00000E+00
 SIGMA(2,2)    2.45840E+01 -2.11457E+01  1.20142E+02  1.31522E+03  0.00000E+00  1.21255E+04 -4.23947E+02  2.55914E+03 -2.96213E+03 -3.08133E+02  3.90932E+02  4.27741E+01
 OMEGA(1,1)   -2.74470E+00  2.59793E+00 -4.86181E+01 -7.36263E+01  0.00000E+00 -4.23947E+02  7.20155E+01 -3.65411E+02  4.22246E+02  1.46650E+01 -5.46380E+01  1.21398E+01
 OMEGA(2,1)    2.80357E+01 -1.73941E+01  1.19422E+02  9.48122E+01  0.00000E+00  2.55914E+03 -3.65411E+02  3.37105E+03 -6.36541E+03 -7.14376E+02  2.17814E+03 -1.12479E+02
 OMEGA(2,2)   -5.12465E+01  1.70757E+01  2.92653E+02  1.61927E+02  0.00000E+00 -2.96213E+03  4.22246E+02 -6.36541E+03  1.89362E+04  1.84892E+03 -8.75458E+03  7.47334E+02
 OMEGA(3,1)   -8.28346E+00  2.80606E+00  6.24333E+01  4.99685E+01  0.00000E+00 -3.08133E+02  1.46650E+01 -7.14376E+02  1.84892E+03  2.82020E+02 -8.10713E+02  1.71694E+01
 OMEGA(3,2)    1.91308E+01 -3.18840E+00 -2.58923E+02  4.77241E+01  0.00000E+00  3.90932E+02 -5.46380E+01  2.17814E+03 -8.75458E+03 -8.10713E+02  4.58853E+03 -4.45375E+02
 OMEGA(3,3)    3.79786E-01 -2.49761E-02 -2.08174E+00 -5.47797E+01  0.00000E+00  4.27741E+01  1.21398E+01 -1.12479E+02  7.47334E+02  1.71694E+01 -4.45375E+02  7.46597E+01
