TABLE NO.     1: First Order Conditional Estimation: Problem=1 Subproblem=0 Superproblem1=0 Iteration1=0 Superproblem2=0 Iteration2=0
 NAME         THETA1       THETA2       THETA3       SIGMA(1,1)   SIGMA(2,1)   SIGMA(2,2)   OMEGA(1,1)   OMEGA(2,1)   OMEGA(2,2)   OMEGA(3,1)   OMEGA(3,2)   OMEGA(3,3)
 THETA1        4.93572E+00 -5.35498E-01 -8.07163E-01 -7.69536E-01  0.00000E+00 -8.34245E-01  9.45265E-01  4.51892E-01 -5.85261E-01 -2.46136E-01 -8.09585E-01 -8.26561E-01
 THETA2       -5.35498E-01  1.47422E+01  6.07221E-01  8.14622E-01  0.00000E+00  2.45256E-01 -5.65882E-01  3.61795E-01  9.78093E-01  4.43637E-01  8.54805E-01  6.09852E-01
 THETA3       -8.07163E-01  6.07221E-01  3.47898E-01  9.25395E-01  0.00000E+00  8.03624E-01 -9.05324E-01 -4.05183E-01  5.83963E-01  7.12305E-01  9.20507E-01  9.97676E-01
 SIGMA(1,1)   -7.69536E-01  8.14622E-01  9.25395E-01  1.11060E-01  0.00000E+00  6.53778E-01 -8.43758E-01 -1.02920E-01  8.12596E-01  6.75523E-01  9.80905E-01  9.25050E-01
 SIGMA(2,1)    0.00000E+00  0.00000E+00  0.00000E+00  0.00000E+00  0.00000E+00  0.00000E+00  0.00000E+00  0.00000E+00  0.00000E+00  0.00000E+00  0.00000E+00  0.00000E+00
 SIGMA(2,2)   -8.34245E-01  2.45256E-01  8.03624E-01  6.53778E-01  0.00000E+00  1.40619E-02 -8.48533E-01 -6.32371E-01  2.92904E-01  3.99233E-01  6.74762E-01  8.30406E-01
 OMEGA(1,1)    9.45265E-01 -5.65882E-01 -9.05324E-01 -8.43758E-01  0.00000E+00 -8.48533E-01  1.95012E+00  5.35480E-01 -5.65435E-01 -3.53572E-01 -8.63269E-01 -9.21914E-01
 OMEGA(2,1)    4.51892E-01  3.61795E-01 -4.05183E-01 -1.02920E-01  0.00000E+00 -6.32371E-01  5.35480E-01  3.32194E-01  3.92069E-01  5.17028E-02 -8.65147E-02 -4.16188E-01
 OMEGA(2,2)   -5.85261E-01  9.78093E-01  5.83963E-01  8.12596E-01  0.00000E+00  2.92904E-01 -5.65435E-01  3.92069E-01  2.65797E-01  4.16934E-01  8.52408E-01  5.91587E-01
 OMEGA(3,1)   -2.46136E-01  4.43637E-01  7.12305E-01  6.75523E-01  0.00000E+00  3.99233E-01 -3.53572E-01  5.17028E-02  4.16934E-01  5.68342E-01  6.37856E-01  6.83874E-01
 OMEGA(3,2)   -8.09585E-01  8.54805E-01  9.20507E-01  9.80905E-01  0.00000E+00  6.74762E-01 -8.63269E-01 -8.65147E-02  8.52408E-01  6.37856E-01  7.70165E-01  9.25644E-01
 OMEGA(3,3)   -8.26561E-01  6.09852E-01  9.97676E-01  9.25050E-01  0.00000E+00  8.30406E-01 -9.21914E-01 -4.16188E-01  5.91587E-01  6.83874E-01  9.25644E-01  2.69178E+00
