TABLE NO.     1: First Order Conditional Estimation: Problem=1 Subproblem=0 Superproblem1=0 Iteration1=0 Superproblem2=0 Iteration2=0
 NAME         THETA1       THETA2       THETA3       SIGMA(1,1)   SIGMA(2,1)   SIGMA(2,2)   OMEGA(1,1)   OMEGA(2,1)   OMEGA(2,2)   OMEGA(3,1)   OMEGA(3,2)   OMEGA(3,3)
 THETA1        5.30240E-01 -1.92346E-01 -6.34499E-01  1.09863E+00  0.00000E+00  7.10659E-01 -8.57060E-01  9.89547E-01  3.59548E+00 -1.50566E+00  3.23862E+00  1.36315E-01
 THETA2       -1.92346E-01  1.87279E-01 -3.60182E+00 -6.34568E+00  0.00000E+00 -1.30391E+00  1.15238E-01  4.78329E-01 -4.47424E+00  6.32081E-01 -3.21640E+00  9.36505E-01
 THETA3       -6.34499E-01 -3.60182E+00  4.08032E+02 -3.98747E+02  0.00000E+00 -3.31366E+02 -4.57456E+00  5.88618E+00  4.16687E+01  1.07173E+01  1.35226E+02 -6.81491E+01
 SIGMA(1,1)    1.09863E+00 -6.34568E+00 -3.98747E+02  2.08945E+03  0.00000E+00  4.31302E+02  6.52127E+01 -2.55691E+02  3.34747E+02 -2.89965E+01 -5.81515E-01  1.29113E+01
 SIGMA(2,1)    0.00000E+00  0.00000E+00  0.00000E+00  0.00000E+00  0.00000E+00  0.00000E+00  0.00000E+00  0.00000E+00  0.00000E+00  0.00000E+00  0.00000E+00  0.00000E+00
 SIGMA(2,2)    7.10659E-01 -1.30391E+00 -3.31366E+02  4.31302E+02  0.00000E+00  1.14269E+04 -6.52466E+00 -1.60216E+02  7.66410E+02  6.81843E+01 -4.19175E+02  4.77620E+01
 OMEGA(1,1)   -8.57060E-01  1.15238E-01 -4.57456E+00  6.52127E+01  0.00000E+00 -6.52466E+00  8.15339E+01 -4.18109E+02  5.32348E+02  4.38875E+00 -8.42769E+00 -5.06236E-01
 OMEGA(2,1)    9.89547E-01  4.78329E-01  5.88618E+00 -2.55691E+02  0.00000E+00 -1.60216E+02 -4.18109E+02  3.72026E+03 -6.60971E+03 -5.88790E+02  1.37785E+03  2.41447E+01
 OMEGA(2,2)    3.59548E+00 -4.47424E+00  4.16687E+01  3.34747E+02  0.00000E+00  7.66410E+02  5.32348E+02 -6.60971E+03  1.99116E+04  1.41739E+03 -8.37057E+03  8.66833E+02
 OMEGA(3,1)   -1.50566E+00  6.32081E-01  1.07173E+01 -2.89965E+01  0.00000E+00  6.81843E+01  4.38875E+00 -5.88790E+02  1.41739E+03  2.18516E+02 -5.12593E+02 -8.91594E+00
 OMEGA(3,2)    3.23862E+00 -3.21640E+00  1.35226E+02 -5.81515E-01  0.00000E+00 -4.19175E+02 -8.42769E+00  1.37785E+03 -8.37057E+03 -5.12593E+02  5.02338E+03 -7.02208E+02
 OMEGA(3,3)    1.36315E-01  9.36505E-01 -6.81491E+01  1.29113E+01  0.00000E+00  4.77620E+01 -5.06236E-01  2.41447E+01  8.66833E+02 -8.91594E+00 -7.02208E+02  1.42089E+02
