TABLE NO.     1: First Order Conditional Estimation: Problem=1 Subproblem=0 Superproblem1=0 Iteration1=0 Superproblem2=0 Iteration2=0
 NAME         THETA1       THETA2       THETA3       SIGMA(1,1)   SIGMA(2,1)   SIGMA(2,2)   OMEGA(1,1)   OMEGA(2,1)   OMEGA(2,2)   OMEGA(3,1)   OMEGA(3,2)   OMEGA(3,3)
 THETA1        5.25515E-01 -2.24656E-01 -2.61971E+00  1.09398E+01  0.00000E+00  2.39901E+01 -2.25441E+00  2.48844E+01 -4.69801E+01 -7.65207E+00  1.78991E+01  3.60167E-01
 THETA2       -2.24656E-01  2.32527E-01 -1.58132E+00 -1.43575E+01  0.00000E+00 -2.19122E+01  2.38894E+00 -1.62931E+01  1.57970E+01  2.63782E+00 -2.93627E+00 -6.48021E-03
 THETA3       -2.61971E+00 -1.58132E+00  1.78263E+02 -1.70055E+02  0.00000E+00  1.19943E+02 -4.75619E+01  1.21876E+02  2.79021E+02  5.99333E+01 -2.51460E+02 -2.42762E+00
 SIGMA(1,1)    1.09398E+01 -1.43575E+01 -1.70055E+02  2.26706E+03  0.00000E+00  1.48918E+03 -7.55042E+01  1.05268E+02  1.53082E+02  5.08539E+01  6.05025E+01 -6.01088E+01
 SIGMA(2,1)    0.00000E+00  0.00000E+00  0.00000E+00  0.00000E+00  0.00000E+00  0.00000E+00  0.00000E+00  0.00000E+00  0.00000E+00  0.00000E+00  0.00000E+00  0.00000E+00
 SIGMA(2,2)    2.39901E+01 -2.19122E+01  1.19943E+02  1.48918E+03  0.00000E+00  1.21160E+04 -3.96115E+02  2.44365E+03 -2.89649E+03 -3.02780E+02  4.28176E+02  3.29538E+01
 OMEGA(1,1)   -2.25441E+00  2.38894E+00 -4.75619E+01 -7.55042E+01  0.00000E+00 -3.96115E+02  6.26193E+01 -3.17120E+02  3.70257E+02  1.02639E+01 -4.96129E+01  1.27916E+01
 OMEGA(2,1)    2.48844E+01 -1.62931E+01  1.21876E+02  1.05268E+02  0.00000E+00  2.44365E+03 -3.17120E+02  3.01988E+03 -5.82948E+03 -6.48413E+02  2.01992E+03 -1.07607E+02
 OMEGA(2,2)   -4.69801E+01  1.57970E+01  2.79021E+02  1.53082E+02  0.00000E+00 -2.89649E+03  3.70257E+02 -5.82948E+03  1.79536E+04  1.71010E+03 -8.36089E+03  7.22771E+02
 OMEGA(3,1)   -7.65207E+00  2.63782E+00  5.99333E+01  5.08539E+01  0.00000E+00 -3.02780E+02  1.02639E+01 -6.48413E+02  1.71010E+03  2.61569E+02 -7.51080E+02  1.37239E+01
 OMEGA(3,2)    1.78991E+01 -2.93627E+00 -2.51460E+02  6.05025E+01  0.00000E+00  4.28176E+02 -4.96129E+01  2.01992E+03 -8.36089E+03 -7.51080E+02  4.38501E+03 -4.28304E+02
 OMEGA(3,3)    3.60167E-01 -6.48021E-03 -2.42762E+00 -6.01088E+01  0.00000E+00  3.29538E+01  1.27916E+01 -1.07607E+02  7.22771E+02  1.37239E+01 -4.28304E+02  7.26948E+01
