TABLE NO.     1: First Order Conditional Estimation: Problem=1 Subproblem=0 Superproblem1=0 Iteration1=0 Superproblem2=0 Iteration2=0
 NAME         THETA1       THETA2       THETA3       SIGMA(1,1)   SIGMA(2,1)   SIGMA(2,2)   OMEGA(1,1)   OMEGA(2,1)   OMEGA(2,2)   OMEGA(3,1)   OMEGA(3,2)   OMEGA(3,3)
 THETA1        5.28646E+01 -3.12326E+01  4.63168E+03 -1.63900E+03  0.00000E+00  6.53577E+03  3.07941E+02 -7.98007E+02  1.64715E+03 -6.05488E+02  1.22199E+03 -5.46325E+02
 THETA2       -3.12326E+01  1.91587E+01 -2.76278E+03  9.90253E+02  0.00000E+00 -3.66207E+03 -1.89151E+02  4.61497E+02 -9.57235E+02  3.75729E+02 -7.54410E+02  3.21844E+02
 THETA3        4.63168E+03 -2.76278E+03  4.30550E+05 -1.46182E+05  0.00000E+00  5.97691E+05  2.70416E+04 -5.17305E+04  1.19522E+05 -6.02372E+04  1.10982E+05 -4.85557E+04
 SIGMA(1,1)   -1.63900E+03  9.90253E+02 -1.46182E+05  5.45132E+04  0.00000E+00 -1.94713E+05 -9.54837E+03  2.18903E+04 -4.75636E+04  1.98694E+04 -3.91673E+04  1.68514E+04
 SIGMA(2,1)    0.00000E+00  0.00000E+00  0.00000E+00  0.00000E+00  0.00000E+00  0.00000E+00  0.00000E+00  0.00000E+00  0.00000E+00  0.00000E+00  0.00000E+00  0.00000E+00
 SIGMA(2,2)    6.53577E+03 -3.66207E+03  5.97691E+05 -1.94713E+05  0.00000E+00  9.61763E+05  3.76965E+04 -9.53078E+04  1.91854E+05 -7.53283E+04  1.50015E+05 -7.14509E+04
 OMEGA(1,1)    3.07941E+02 -1.89151E+02  2.70416E+04 -9.54837E+03  0.00000E+00  3.76965E+04  2.05074E+03 -6.00653E+03  1.10440E+04 -3.50145E+03  7.59630E+03 -3.27767E+03
 OMEGA(2,1)   -7.98007E+02  4.61497E+02 -5.17305E+04  2.18903E+04  0.00000E+00 -9.53078E+04 -6.00653E+03  3.91698E+04 -5.78748E+04  1.35299E+03 -1.76900E+04  9.36802E+03
 OMEGA(2,2)    1.64715E+03 -9.57235E+02  1.19522E+05 -4.75636E+04  0.00000E+00  1.91854E+05  1.10440E+04 -5.78748E+04  1.04763E+05 -9.01971E+03  2.70948E+04 -1.63245E+04
 OMEGA(3,1)   -6.05488E+02  3.75729E+02 -6.02372E+04  1.98694E+04  0.00000E+00 -7.53283E+04 -3.50145E+03  1.35299E+03 -9.01971E+03  9.88259E+03 -1.52010E+04  6.01971E+03
 OMEGA(3,2)    1.22199E+03 -7.54410E+02  1.10982E+05 -3.91673E+04  0.00000E+00  1.50015E+05  7.59630E+03 -1.76900E+04  2.70948E+04 -1.52010E+04  3.72030E+04 -1.41704E+04
 OMEGA(3,3)   -5.46325E+02  3.21844E+02 -4.85557E+04  1.68514E+04  0.00000E+00 -7.14509E+04 -3.27767E+03  9.36802E+03 -1.63245E+04  6.01971E+03 -1.41704E+04  6.15426E+03
