TABLE NO.     1: First Order Conditional Estimation: Problem=1 Subproblem=0 Superproblem1=0 Iteration1=0 Superproblem2=0 Iteration2=0
 NAME         THETA1       THETA2       THETA3       SIGMA(1,1)   SIGMA(2,1)   SIGMA(2,2)   OMEGA(1,1)   OMEGA(2,1)   OMEGA(2,2)   OMEGA(3,1)   OMEGA(3,2)   OMEGA(3,3)
 THETA1        2.43614E+01 -3.89648E+01 -1.38600E+00 -4.21832E-01  0.00000E+00 -5.79015E-02  9.09840E+00  7.40929E-01 -7.67803E-01 -6.90456E-01 -3.07750E+00 -1.09816E+01
 THETA2       -3.89648E+01  2.17333E+02  3.11431E+00  1.33376E+00  0.00000E+00  5.08426E-02 -1.62686E+01  1.77181E+00  3.83259E+00  3.71707E+00  9.70541E+00  2.42007E+01
 THETA3       -1.38600E+00  3.11431E+00  1.21033E-01  3.57551E-02  0.00000E+00  3.93142E-03 -6.14209E-01 -4.68268E-02  5.39990E-02  1.40840E-01  2.46639E-01  9.34287E-01
 SIGMA(1,1)   -4.21832E-01  1.33376E+00  3.57551E-02  1.23344E-02  0.00000E+00  1.02102E-03 -1.82742E-01 -3.79709E-03  2.39874E-02  4.26392E-02  8.39016E-02  2.76544E-01
 SIGMA(2,1)    0.00000E+00  0.00000E+00  0.00000E+00  0.00000E+00  0.00000E+00  0.00000E+00  0.00000E+00  0.00000E+00  0.00000E+00  0.00000E+00  0.00000E+00  0.00000E+00
 SIGMA(2,2)   -5.79015E-02  5.08426E-02  3.93142E-03  1.02102E-03  0.00000E+00  1.97738E-04 -2.32688E-02 -2.95399E-03  1.09476E-03  3.19066E-03  7.30768E-03  3.14322E-02
 OMEGA(1,1)    9.09840E+00 -1.62686E+01 -6.14209E-01 -1.82742E-01  0.00000E+00 -2.32688E-02  3.80295E+00  3.46893E-01 -2.93084E-01 -3.91876E-01 -1.29655E+00 -4.83939E+00
 OMEGA(2,1)    7.40929E-01  1.77181E+00 -4.68268E-02 -3.79709E-03  0.00000E+00 -2.95399E-03  3.46893E-01  1.10353E-01  3.46181E-02  9.76145E-03 -2.21342E-02 -3.72152E-01
 OMEGA(2,2)   -7.67803E-01  3.83259E+00  5.39990E-02  2.39874E-02  0.00000E+00  1.09476E-03 -2.93084E-01  3.46181E-02  7.06478E-02  6.29833E-02  1.74494E-01  4.23260E-01
 OMEGA(3,1)   -6.90456E-01  3.71707E+00  1.40840E-01  4.26392E-02  0.00000E+00  3.19066E-03 -3.91876E-01  9.76145E-03  6.29833E-02  3.23012E-01  2.79200E-01  1.04622E+00
 OMEGA(3,2)   -3.07750E+00  9.70541E+00  2.46639E-01  8.39016E-02  0.00000E+00  7.30768E-03 -1.29655E+00 -2.21342E-02  1.74494E-01  2.79200E-01  5.93154E-01  1.91897E+00
 OMEGA(3,3)   -1.09816E+01  2.42007E+01  9.34287E-01  2.76544E-01  0.00000E+00  3.14322E-02 -4.83939E+00 -3.72152E-01  4.23260E-01  1.04622E+00  1.91897E+00  7.24568E+00
